0.4395888688	0.0685375961
0.0000000000	-0.0309863274
0.0000000000	-0.0414721670
0.0000000000	0.0615429674
0.0000000000	0.1519482388
0.0000000000	0.1329418916
0.0000000000	0.0206127925
0.0000000000	-0.0653247056
0.0000000000	0.0099438474
0.0000000000	0.1022900368
0.0000000000	0.1577709926
0.0000000000	0.0770703108
0.0000000000	-0.0189624019
0.0000000000	-0.0711474593
0.0000000000	0.0506787098
0.0000000000	0.1438061491
0.0000000000	0.1432202116
0.0000000000	0.0303173821
0.0000000000	-0.0548510730
0.0000000000	-0.0005297851
0.0000000000	0.0920117167
0.0000000000	0.1550610317
0.0000000000	0.0923901347
0.0000000000	-0.0092578123
0.0000000000	-0.0721240218
0.0000000000	0.0396313468
0.0000000000	0.1310009736
0.0000000000	0.1498242154
0.0000000000	0.0392407218
0.0000000000	-0.0480639638
0.0000000000	-0.0145068356
0.0000000000	0.0799755841
0.0000000000	0.1568066371
0.0000000000	0.1055859351
0.0000000000	-0.0001391602
0.0000000000	-0.0713427718
0.0000000000	0.0281811517
0.0000000000	0.1224682590
0.0000000000	0.1525341763
0.0000000000	0.0518505848
0.0000000000	-0.0401049796
0.0000000000	-0.0284716791
0.0000000000	0.0724072249
0.0000000000	0.1583569301
0.0000000000	0.1191601536
0.0000000000	0.0109082029
0.0000000000	-0.0674609360
0.0000000000	0.0211987300
0.0000000000	0.1096630835
0.0000000000	0.1571850551
0.0000000000	0.0669750962
0.0000000000	-0.0306079095
0.0000000000	-0.0416552725
0.0000000000	0.0638745103
0.0000000000	0.1540844692
0.0000000000	0.1337109345
0.0000000000	0.0186718746
0.0000000000	-0.0647509751
0.0000000000	0.0091625975
0.0000000000	0.1015087868
0.0000000000	0.1566113246
0.0000000000	0.0805615216
0.0000000000	-0.0181811519
0.0000000000	-0.0686328110
0.0000000000	0.0522412098
0.0000000000	0.1441967741
0.0000000000	0.1422558562
0.0000000000	0.0305126946
0.0000000000	-0.0565966784
0.0000000000	-0.0005297851
0.0000000000	0.0929760721
0.0000000000	0.1593212855
0.0000000000	0.0916210917
0.0000000000	-0.0088793943
0.0000000000	-0.0703784164
0.0000000000	0.0411816397
0.0000000000	0.1319653291
0.0000000000	0.1492382779
0.0000000000	0.0407910147
0.0000000000	-0.0490283192
0.0000000000	-0.0135302731
0.0000000000	0.0807568341
0.0000000000	0.1562206996
0.0000000000	0.1075268531
0.0000000000	-0.0009204101
0.0000000000	-0.0692065414
0.0000000000	0.0281811517
0.0000000000	0.1220776340
0.0000000000	0.1531201138
0.0000000000	0.0514599598
0.0000000000	-0.0406909171
0.0000000000	-0.0284716791
0.0000000000	0.0689160141
0.0000000000	0.1540844692
0.0000000000	0.1181957981
0.0000000000	0.0097485349
0.0000000000	-0.0672656235
0.0000000000	0.0206127925
0.0000000000	0.1127636694
0.0000000000	0.1575756801
0.0000000000	0.0656201157
0.0000000000	-0.0298266595
0.0000000000	-0.0406909171
0.0000000000	0.0599926744
0.0000000000	0.1531201138
0.0000000000	0.1302197237
0.0000000000	0.0179028316
0.0000000000	-0.0647509751
0.0000000000	0.0103344724
0.0000000000	0.0995678689
0.0000000000	0.1566113246
0.0000000000	0.0778393537
0.0000000000	-0.0191577144
0.0000000000	-0.0695971664
0.0000000000	0.0479687489
0.0000000000	0.1418652312
0.0000000000	0.1414746062
0.0000000000	0.0297314446
0.0000000000	-0.0575732409
0.0000000000	-0.0013110351
0.0000000000	0.0906445292
0.0000000000	0.1581616176
0.0000000000	0.0906445292
0.0000000000	-0.0100390623
0.0000000000	-0.0705615219
0.0000000000	0.0394360343
0.0000000000	0.1304150361
0.0000000000	0.1474926725
0.0000000000	0.0405957022
0.0000000000	-0.0486499013
0.0000000000	-0.0123706052
0.0000000000	0.0797802717
0.0000000000	0.1556347621
0.0000000000	0.1071362281
0.0000000000	-0.0015063476
0.0000000000	-0.0682421860
0.0000000000	0.0324414055
0.0000000000	0.1230419894
0.0000000000	0.1544750942
0.0000000000	0.0522412098
0.0000000000	-0.0379809562
0.0000000000	-0.0265307611
0.0000000000	0.0727978499
0.0000000000	0.1575756801
0.0000000000	0.1203320286
0.0000000000	0.0109082029
0.0000000000	-0.0672656235
0.0000000000	0.0200268550
0.0000000000	0.1117993139
0.0000000000	0.1564160121
0.0000000000	0.0660107407
0.0000000000	-0.0274951166
0.0000000000	-0.0424365225
0.0000000000	0.0617382799
0.0000000000	0.1521435513
0.0000000000	0.1319653291
0.0000000000	0.0211987300
0.0000000000	-0.0659106431
0.0000000000	0.0085888670
0.0000000000	0.1017040993
0.0000000000	0.1585522425
0.0000000000	0.0784252912
0.0000000000	-0.0195483394
0.0000000000	-0.0695971664
0.0000000000	0.0497143544
0.0000000000	0.1407055633
0.0000000000	0.1408886687
0.0000000000	0.0305126946
0.0000000000	-0.0575732409
0.0000000000	-0.0003344726
0.0000000000	0.0920117167
0.0000000000	0.1573803676
0.0000000000	0.0949169901
0.0000000000	-0.0102343748
0.0000000000	-0.0705615219
0.0000000000	0.0413769522
0.0000000000	0.1329418916
0.0000000000	0.1498242154
0.0000000000	0.0419506827
0.0000000000	-0.0490283192
0.0000000000	-0.0135302731
0.0000000000	0.0817211896
0.0000000000	0.1583569301
0.0000000000	0.1034497047
0.0000000000	-0.0001391602
0.0000000000	-0.0688159164
0.0000000000	0.0299267571
0.0000000000	0.1209179660
0.0000000000	0.1529248013
0.0000000000	0.0522412098
0.0000000000	-0.0399096671
0.0000000000	-0.0274951166
0.0000000000	0.0718334945
0.0000000000	0.1558300746
0.0000000000	0.1195507786
0.0000000000	0.0095532224
0.0000000000	-0.0692065414
0.0000000000	0.0202221675
0.0000000000	0.1121777319
0.0000000000	0.1564160121
0.0000000000	0.0634838853
0.0000000000	-0.0288623040
0.0000000000	-0.0403002921
0.0000000000	0.0615429674
0.0000000000	0.1531201138
0.0000000000	0.1344921845
0.0000000000	0.0210034175
0.0000000000	-0.0612597643
0.0000000000	0.0105297849
0.0000000000	0.1018994118
0.0000000000	0.1560253871
0.0000000000	0.0795849592
0.0000000000	-0.0209033198
0.0000000000	-0.0690112289
0.0000000000	0.0506787098
0.0000000000	0.1438061491
0.0000000000	0.1432202116
0.0000000000	0.0322583001
0.0000000000	-0.0571826159
0.0000000000	-0.0009204101
0.0000000000	0.0923901347
0.0000000000	0.1599072230
0.0000000000	0.0949169901
0.0000000000	-0.0086840818
0.0000000000	-0.0690112289
0.0000000000	0.0423413076
0.0000000000	0.1327465791
0.0000000000	0.1500073209
0.0000000000	0.0413769522
0.0000000000	-0.0472827138
0.0000000000	-0.0110034177
0.0000000000	0.0832714825
0.0000000000	0.1566113246
0.0000000000	0.1069409156
0.0000000000	0.0012158203
0.0000000000	-0.0703784164
0.0000000000	0.0283764642
0.0000000000	0.1199414036
0.0000000000	0.1523388638
0.0000000000	0.0524243152
0.0000000000	-0.0371997062
0.0000000000	-0.0269213861
0.0000000000	0.0716381820
0.0000000000	0.1597119105
0.0000000000	0.1209179660
0.0000000000	0.0118847654
0.0000000000	-0.0674609360
0.0000000000	0.0180859371
0.0000000000	0.1121777319
0.0000000000	0.1560253871
0.0000000000	0.0638745103
0.0000000000	-0.0292407220
0.0000000000	-0.0434130850
0.0000000000	0.0592236315
0.0000000000	0.1503979459
0.0000000000	0.1327465791
0.0000000000	0.0210034175
0.0000000000	-0.0663012680
0.0000000000	0.0078076170
0.0000000000	0.1015087868
0.0000000000	0.1579663051
0.0000000000	0.0795849592
0.0000000000	-0.0189624019
0.0000000000	-0.0707568344
0.0000000000	0.0491284169
0.0000000000	0.1420605437
0.0000000000	0.1422558562
0.0000000000	0.0301220696
0.0000000000	-0.0560229480
0.0000000000	-0.0034472655
0.0000000000	0.0902539042
0.0000000000	0.1587475550
0.0000000000	0.0910351542
0.0000000000	-0.0082934568
0.0000000000	-0.0705615219
0.0000000000	0.0384594718
0.0000000000	0.1315869111
0.0000000000	0.1502026334
0.0000000000	0.0413769522
0.0000000000	-0.0496142567
0.0000000000	-0.0168261715
0.0000000000	0.0788159162
0.0000000000	0.1558300746
0.0000000000	0.1044262672
0.0000000000	-0.0005297851
0.0000000000	-0.0717333968
0.0000000000	0.0279858392
0.0000000000	0.1205273411
0.0000000000	0.1554394497
0.0000000000	0.0499096669
0.0000000000	-0.0379809562
0.0000000000	-0.0284716791
0.0000000000	0.0689160141
0.0000000000	0.1556347621
0.0000000000	0.1181957981
0.0000000000	0.0095532224
0.0000000000	-0.0680468735
0.0000000000	0.0194531246
0.0000000000	0.1117993139
0.0000000000	0.1556347621
0.0000000000	0.0652294907
0.0000000000	-0.0288623040
0.0000000000	-0.0420458975
0.0000000000	0.0617382799
0.0000000000	0.1513745083
0.0000000000	0.1319653291
0.0000000000	0.0200268550
0.0000000000	-0.0645556626
0.0000000000	0.0107250974
0.0000000000	0.0995678689
0.0000000000	0.1575756801
0.0000000000	0.0809521466
0.0000000000	-0.0193530269
0.0000000000	-0.0711474593
0.0000000000	0.0481640614
0.0000000000	0.1438061491
0.0000000000	0.1410839812
0.0000000000	0.0305126946
0.0000000000	-0.0573779284
0.0000000000	-0.0007250976
0.0000000000	0.0902539042
0.0000000000	0.1560253871
0.0000000000	0.0941357401
0.0000000000	-0.0106249998
0.0000000000	-0.0721240218
0.0000000000	0.0392407218
0.0000000000	0.1313915986
0.0000000000	0.1488476529
0.0000000000	0.0396313468
0.0000000000	-0.0486499013
0.0000000000	-0.0158618161
0.0000000000	0.0801708966
0.0000000000	0.1575756801
0.0000000000	0.1034497047
0.0000000000	-0.0017016601
0.0000000000	-0.0711474593
0.0000000000	0.0293408197
0.0000000000	0.1191601536
0.0000000000	0.1540844692
0.0000000000	0.0514599598
0.0000000000	-0.0391406241
0.0000000000	-0.0278857416
0.0000000000	0.0685375961
0.0000000000	0.1558300746
0.0000000000	0.1185864231
0.0000000000	0.0107250974
0.0000000000	-0.0688159164
0.0000000000	0.0208081050
0.0000000000	0.1117993139
0.0000000000	0.1546704067
0.0000000000	0.0650341782
0.0000000000	-0.0307910149
0.0000000000	-0.0426318350
0.0000000000	0.0572827136
0.0000000000	0.1509838833
0.0000000000	0.1302197237
0.0000000000	0.0163403317
0.0000000000	-0.0647509751
0.0000000000	0.0080029295
0.0000000000	0.0999584939
0.0000000000	0.1556347621
0.0000000000	0.0801708966
0.0000000000	-0.0212939448
0.0000000000	-0.0723071273
0.0000000000	0.0489331044
0.0000000000	0.1410839812
0.0000000000	0.1422558562
0.0000000000	0.0306958001
0.0000000000	-0.0581469714
0.0000000000	-0.0046069335
0.0000000000	0.0887036113
0.0000000000	0.1556347621
0.0000000000	0.0914257792
0.0000000000	-0.0088793943
0.0000000000	-0.0703784164
0.0000000000	0.0400097647
0.0000000000	0.1315869111
0.0000000000	0.1494335904
0.0000000000	0.0405957022
0.0000000000	-0.0472827138
0.0000000000	-0.0133349606
0.0000000000	0.0778393537
0.0000000000	0.1585522425
0.0000000000	0.1038403297
0.0000000000	-0.0007250976
0.0000000000	-0.0715380843
0.0000000000	0.0279858392
0.0000000000	0.1211010715
0.0000000000	0.1534985317
0.0000000000	0.0514599598
0.0000000000	-0.0395312491
0.0000000000	-0.0276904291
0.0000000000	0.0691113266
0.0000000000	0.1560253871
0.0000000000	0.1193554661
0.0000000000	0.0101391599
0.0000000000	-0.0678515610
0.0000000000	0.0186718746
0.0000000000	0.1131542943
0.0000000000	0.1552441372
0.0000000000	0.0646557603
0.0000000000	-0.0286669915
0.0000000000	-0.0416552725
0.0000000000	0.0621289049
0.0000000000	0.1523388638
0.0000000000	0.1325512666
0.0000000000	0.0198315425
0.0000000000	-0.0633837876
0.0000000000	0.0080029295
0.0000000000	0.1007397438
0.0000000000	0.1577709926
0.0000000000	0.0778393537
0.0000000000	-0.0187670894
0.0000000000	-0.0686328110
0.0000000000	0.0503002918
0.0000000000	0.1420605437
0.0000000000	0.1418652312
0.0000000000	0.0299267571
0.0000000000	-0.0579516589
0.0000000000	-0.0028613281
0.0000000000	0.0935620096
0.0000000000	0.1599072230
0.0000000000	0.0918164042
0.0000000000	-0.0088793943
0.0000000000	-0.0694018539
0.0000000000	0.0411816397
0.0000000000	0.1310009736
0.0000000000	0.1482617154
0.0000000000	0.0419506827
0.0000000000	-0.0490283192
0.0000000000	-0.0129443356
0.0000000000	0.0826977521
0.0000000000	0.1581616176
0.0000000000	0.1073315406
0.0000000000	-0.0005297851
0.0000000000	-0.0674609360
0.0000000000	0.0320629876
0.0000000000	0.1212963840
0.0000000000	0.1554394497
0.0000000000	0.0534008777
0.0000000000	-0.0354541008
0.0000000000	-0.0269213861
0.0000000000	0.0712475570
0.0000000000	0.1554394497
0.0000000000	0.1201367161
0.0000000000	0.0093579099
0.0000000000	-0.0659106431
0.0000000000	0.0208081050
0.0000000000	0.1102368139
0.0000000000	0.1556347621
0.0000000000	0.0669750962
0.0000000000	-0.0298266595
0.0000000000	-0.0412768545
0.0000000000	0.0611645494
0.0000000000	0.1534985317
0.0000000000	0.1331372041
0.0000000000	0.0200268550
0.0000000000	-0.0620288072
0.0000000000	0.0101391599
0.0000000000	0.1036450172
0.0000000000	0.1570019496
0.0000000000	0.0797802717
0.0000000000	-0.0174121090
0.0000000000	-0.0676562485
0.0000000000	0.0510693348
0.0000000000	0.1407055633
0.0000000000	0.1420605437
0.0000000000	0.0316723626
0.0000000000	-0.0562060534
0.0000000000	-0.0009204101
0.0000000000	0.0887036113
0.0000000000	0.1570019496
0.0000000000	0.0931713846
0.0000000000	-0.0063525389
0.0000000000	-0.0715380843
0.0000000000	0.0402050772
0.0000000000	0.1327465791
0.0000000000	0.1503979459
0.0000000000	0.0431225576
0.0000000000	-0.0478686513
0.0000000000	-0.0113940427
0.0000000000	0.0809521466
0.0000000000	0.1585522425
0.0000000000	0.1079174781
0.0000000000	0.0016064453
0.0000000000	-0.0680468735
0.0000000000	0.0308911126
0.0000000000	0.1224682590
0.0000000000	0.1527294888
0.0000000000	0.0539868152
0.0000000000	-0.0371997062
0.0000000000	-0.0251757807
0.0000000000	0.0720288070
0.0000000000	0.1593212855
0.0000000000	0.1193554661
0.0000000000	0.0105297849
0.0000000000	-0.0684374985
0.0000000000	0.0210034175
0.0000000000	0.1116040014
0.0000000000	0.1540844692
